%YAML:1.0
---
Calibrate_Accuracy: 3.7604140691006260e-01
Camera_Matrix: !!opencv-matrix
   rows: 3
   cols: 3
   dt: d
   data: [ 8.1502242619815206e+02, 0., 3.1950000000000000e+02, 0.,
       8.1502242619815206e+02, 2.3950000000000000e+02, 0., 0., 1. ]
Distortion_Coefficients: !!opencv-matrix
   rows: 5
   cols: 1
   dt: d
   data: [ -6.2820476081593260e-02, -1.3597528231221996e+00, 0., 0.,
       1.2728510438660351e+01 ]
Rotation_vector:
   - !!opencv-matrix
      rows: 3
      cols: 1
      dt: d
      data: [ -1.2892065207966519e-01, -9.7680286375167194e-02,
          1.0927752078503936e-05 ]
   - !!opencv-matrix
      rows: 3
      cols: 1
      dt: d
      data: [ -1.0384723434797810e-01, -1.6239424686683660e-02,
          5.0795411054980810e-01 ]
   - !!opencv-matrix
      rows: 3
      cols: 1
      dt: d
      data: [ 4.3429256149400512e-02, -1.4554843750592975e-01,
          1.5875283220441614e+00 ]
   - !!opencv-matrix
      rows: 3
      cols: 1
      dt: d
      data: [ -9.3674296868701934e-02, -1.7224748145334018e-01,
          2.4971415693346590e+00 ]
   - !!opencv-matrix
      rows: 3
      cols: 1
      dt: d
      data: [ -6.0349377581210550e-01, 6.5012248074138468e-02,
          2.4260764042300527e+00 ]
   - !!opencv-matrix
      rows: 3
      cols: 1
      dt: d
      data: [ 5.3920261570177608e-01, -5.9101509641153183e-01,
          1.6621925007707019e+00 ]
   - !!opencv-matrix
      rows: 3
      cols: 1
      dt: d
      data: [ -1.0470528893948918e+00, 3.7246810074949438e-01,
          2.1807978426373964e+00 ]
   - !!opencv-matrix
      rows: 3
      cols: 1
      dt: d
      data: [ 8.0854157993259024e-01, -4.9350651650635213e-01,
          3.0413320665927210e-02 ]
   - !!opencv-matrix
      rows: 3
      cols: 1
      dt: d
      data: [ -4.7955764096096593e-01, -9.9165267599079132e-01,
          -1.5137180677399782e+00 ]
   - !!opencv-matrix
      rows: 3
      cols: 1
      dt: d
      data: [ 5.9816542585676558e-01, -1.0643096654625794e+00,
          1.3411102572574027e+00 ]
   - !!opencv-matrix
      rows: 3
      cols: 1
      dt: d
      data: [ 2.7790736262303106e-01, -1.2345895408356922e+00,
          1.9073396225773118e+00 ]
   - !!opencv-matrix
      rows: 3
      cols: 1
      dt: d
      data: [ -9.9672104376524595e-01, -1.0458709537806710e+00,
          2.0639373621981267e+00 ]
   - !!opencv-matrix
      rows: 3
      cols: 1
      dt: d
      data: [ -1.4893738452340480e-01, -1.4090637865630695e+00,
          -2.2875059362524541e+00 ]
   - !!opencv-matrix
      rows: 3
      cols: 1
      dt: d
      data: [ 8.8653061888938445e-01, 1.5502902138827854e-01,
          -4.0701313318097815e-01 ]
Traslation_vector:
   - !!opencv-matrix
      rows: 3
      cols: 1
      dt: d
      data: [ -8.9415369687286173e+01, -4.7832404860080892e+01,
          4.3212744148838277e+02 ]
   - !!opencv-matrix
      rows: 3
      cols: 1
      dt: d
      data: [ -5.3088416732925175e+01, -7.5444376813228445e+01,
          4.5086511391557707e+02 ]
   - !!opencv-matrix
      rows: 3
      cols: 1
      dt: d
      data: [ 4.9635727218261758e+00, -7.2226865309469275e+01,
          5.0202860061616497e+02 ]
   - !!opencv-matrix
      rows: 3
      cols: 1
      dt: d
      data: [ 6.2386044612582552e+01, -1.3601005130539237e+01,
          4.7061633656082739e+02 ]
   - !!opencv-matrix
      rows: 3
      cols: 1
      dt: d
      data: [ 7.4578716736111360e+01, -1.0946973653924751e+01,
          4.3016535454905079e+02 ]
   - !!opencv-matrix
      rows: 3
      cols: 1
      dt: d
      data: [ 2.0443965173922660e+01, -5.1095149825213525e+01,
          3.6831398369975579e+02 ]
   - !!opencv-matrix
      rows: 3
      cols: 1
      dt: d
      data: [ 4.1126780477165852e+01, -8.6803822050938031e+00,
          4.9832928769035055e+02 ]
   - !!opencv-matrix
      rows: 3
      cols: 1
      dt: d
      data: [ -9.3792192038770267e+01, -3.2629279041281833e+01,
          3.8793999523844275e+02 ]
   - !!opencv-matrix
      rows: 3
      cols: 1
      dt: d
      data: [ -6.1390130399947978e+01, 4.2449233575735391e+01,
